10
SquareGasket
0 0 200 0 0 200 8
133.2 0 199.8 0 133.2 66.6 
66.6 133.2 133.2 133.2 66.6 199.8 
133.2 133.2 199.8 133.2 133.2 199.8 
0 133.2 66.6 133.2 0 199.8 
133.2 66.6 199.8 66.6 133.2 133.2 
0 66.6 66.6 66.6 0 133.2 
0 0 66.6 0 0 66.6 
66 0 132.6 0 66 66.6 
SnowflakeSide5
0 0 200 0 100 170 6
133.34 0 200 0 166.67 56.661 
66.66 0 52.8006 65.2033 4.30748 20.8212 
52.8006 65.2033 106.73 104.385 46.4606 130.634 
93.2703 104.385 147.199 65.2033 153.539 130.634 
147.199 65.2033 133.34 0 195.693 20.8212 
0 0 66.66 0 33.33 56.661 
SnowflakeSide4
0 0 200 0 100 160 5
133.33 0 200 0 166.665 53.336 
66.67 0 66.67 66.67 13.334 33.335 
66.66 66.67 133.33 66.67 99.995 120.006 
0 0 66.67 0 33.335 53.336 
133.33 66.67 133.33 0 186.666 33.335 
KochSnowflakeSide
0 0 200 0 0 200 4
133.34 0 200.01 0 133.34 66.67 
66.67 0 100.005 57.7379 8.93209 33.335 
100.005 57.335 133.34 -0.402914 157.743 90.67 
0 0 66.67 0 0 66.67 
SnowRotate
0 0 200 0 0 200 3
50 -86.6025 0 0 -36.6025 -136.603 
100 0 50 -86.6025 186.603 -50 
0 0 100 0 0 100 
FractalTree
0 0 200 0 0 200 3
0 100 129.904 25 75 229.904 
0 100 129.904 175 -75 229.904 
0 0 200 0 0 200 
FractalStair
0 0 200 0 0 200 3
0 100 100 100 0 200 
100 0 200 0 100 100 
0 0 200 0 0 200 
FractalHangman
0 0 200 0 0 200 3
200 100 200 200 100 100 
0 0 100 0 0 100 
100 0 200 0 100 100 
FractalC
0 0 200 0 0 200 2
0 0 106.066 106.066 -106.066 106.066 
93.934 106.066 200 0 200 212.132 
FractalBush
0 0 200 0 0 200 4
0 100 86.6025 150 -50 186.603 
0 100 100 100 0 200 
0 100 86.6025 50 50 186.603 
0 0 100 0 0 100 

