4
design1_Star_of_David
0 0 200 0 0 200 12
133.33 -115.476 99.995 -173.214 191.068 -148.811 
166.665 -57.7379 200 -115.476 224.403 -24.4029 
199.651 -115.274 132.981 -115.274 199.651 -181.944 
200 1.65556e-10 166.665 -57.7379 257.738 -33.335 
66.67 -115.476 0.01 -115.476 66.67 -182.136 
33.33 -57.7293 -5.68434e-14 1.65556e-10 -24.3993 -91.0593 
0.01 -115.476 33.34 -57.7466 -57.7193 -82.1458 
100 -173.205 66.67 -115.476 42.2707 -206.535 
66.66 5.51967e-11 99.99 57.7293 8.93075 33.33 
99.99 57.7293 133.32 6.89866e-11 157.719 91.0593 
133.32 6.89866e-11 199.98 6.89866e-11 133.32 66.66 
-1.89516e-14 5.51965e-11 66.66 5.51965e-11 -1.89516e-14 66.66 
design2_spiral
0 0 200 0 0 200 12
0 0 50 86.6025 -86.6025 50 
0 0 -50 86.6025 -86.6025 -50 
0 0 -100 -2.0691e-11 2.0691e-11 -100 
0 0 -50 -86.6025 86.6025 -50 
0 0 50 -86.6025 86.6025 50 
0 0 100 173.205 -173.205 100 
0 0 200 0 0 200 
0 0 -100 173.205 -173.205 -100 
0 0 -200 -4.1382e-11 4.1382e-11 -200 
0 0 -100 -173.205 173.205 -100 
0 0 100 -173.205 173.205 100 
0 0 100 0 0 100 
design3_firework
0 0 200 0 0 200 14
0 0 50 86.6025 -86.6025 50 
0 0 86.6025 50 -50 86.6025 
0 0 200 0 0 200 
-2.06891e-11 -3.58062e-11 86.6025 -50 50 86.6025 
200 0 300 0 200 100 
0 0 100 0 0 100 
0 200 100 200 0 300 
0 200 50 286.603 -86.6025 250 
0 200 86.6025 150 50 286.603 
1.42109e-14 200 86.6025 250 -50 286.603 
200 0 300 0 200 100 
200 0 286.603 -50 250 86.6025 
200 0 286.603 50 150 86.6025 
200 0 250 86.6025 113.397 50 
design4_stars
0 0 200 0 0 200 12
1.13753e-10 -100 2.27505e-10 -200 100 -100 
8.27249e-11 0 2.27505e-10 -200 200 1.4478e-10 
100 7.23881e-11 100 -100 200 1.44776e-10 
0 0 -200 -4.13646e-11 4.13646e-11 -200 
-100 -2.06823e-10 -200 -2.6887e-10 -100 -100 
6.20469e-11 -100 -100 -100 1.24094e-10 -200 
-1.4478e-10 8.27072e-11 -1.65462e-10 200 -200 6.20249e-11 
-1.55121e-10 100 -1.65462e-10 200 -100 100 
-100 -1.03412e-11 -100 100 -200 -2.06823e-11 
0 100 100 100 0 200 
100 0 200 0 100 100 
0 0 200 0 0 200 
