3
Scale
0 0 200 0 0 200 10
0 0 130.615 20.4102 40.8204 227.214 
0 0 174.769 49.8462 99.6923 266.462 
0 0 462.743 241.829 483.657 522.438 
0 0 238.449 92.2993 184.599 323.066 
0 0 330.289 153.526 307.052 404.702 
0 0 653.771 369.181 738.361 692.241 
0 0 929.275 552.85 1105.7 937.133 
0 0 1326.61 817.742 1635.48 1290.32 
0 0 1899.66 1199.77 2399.55 1799.7 
0 0 100 0 0 200 
Shift
0 0 200 0 0 200 10
20 20 120 20 20 220 
40 40 140 40 40 240 
60 60 160 60 60 260 
80 80 180 80 80 280 
100 100 200 100 100 300 
120 120 220 120 120 320 
140 140 240 140 140 340 
160 160 260 160 160 360 
180 180 280 180 180 380 
0 0 100 0 0 200 
Spin
0 0 200 0 0 200 10
0 0 80.9017 58.7785 -117.557 161.803 
0 0 -30.9017 -95.1057 190.211 -61.8034 
0 0 -100 -2.07052e-11 4.14104e-11 -200 
0 0 -30.9017 95.1057 -190.211 -61.8034 
0 0 80.9017 -58.7785 117.557 161.803 
0 0 30.9017 95.1057 -190.211 61.8034 
0 0 -80.9017 58.7785 -117.557 -161.803 
0 0 -80.9017 -58.7785 117.557 -161.803 
0 0 30.9017 -95.1057 190.211 61.8034 
0 0 100 0 0 200 